        Frequency / GHz          S1,1 (Mesh Pass=5)/abs,Lin
----------------------------------------------------------------------
0.050140 0.978474
0.050400 0.978896
0.050660 0.978036
0.050920 0.976375
0.051180 0.974797
0.051440 0.974039
0.051700 0.974205
0.051960 0.974682
0.052220 0.974508
0.052480 0.972962
0.052740 0.970042
0.053000 0.966525
0.053260 0.963520
0.053520 0.961756
0.053780 0.961072
0.054040 0.960487
0.054300 0.958776
0.054560 0.955246
0.054820 0.950242
0.055080 0.945023
0.055340 0.941000
0.055600 0.938794
0.055860 0.937760
0.056120 0.936319
0.056380 0.932907
0.056640 0.927021
0.056900 0.919700
0.057160 0.913006
0.057420 0.908745
0.057680 0.907277
0.057940 0.907228
0.058200 0.906354
0.058460 0.903039
0.058720 0.897511
0.058980 0.891855
0.059240 0.888716
0.059500 0.889590
0.059760 0.893891
0.060020 0.899381
0.060280 0.903652
0.060540 0.905659
0.060800 0.906213
0.061060 0.907213
0.061320 0.910277
0.061580 0.915723
0.061840 0.922452
0.062100 0.928720
0.062360 0.933231
0.062620 0.935813
0.062880 0.937322
0.063140 0.938978
0.063400 0.941616
0.063660 0.945260
0.063920 0.949214
0.064180 0.952564
0.064440 0.954744
0.064700 0.955813
0.064960 0.956343
0.065220 0.957034
0.065480 0.958323
0.065740 0.960164
0.066000 0.962119
0.066260 0.963651
0.066520 0.964452
0.066780 0.964589
0.067040 0.964434
0.067300 0.964432
0.067560 0.964845
0.067820 0.965622
0.068080 0.966452
0.068340 0.966963
0.068600 0.966938
0.068860 0.966422
0.069120 0.965676
0.069380 0.965018
0.069640 0.964634
0.069900 0.964482
0.070160 0.964321
0.070420 0.963865
0.070680 0.962942
0.070940 0.961587
0.071200 0.960006
0.071460 0.958442
0.071720 0.957017
0.071980 0.955644
0.072240 0.954060
0.072500 0.951962
0.072760 0.949165
0.073020 0.945686
0.073280 0.941719
0.073540 0.937490
0.073800 0.933080
0.074060 0.928316
0.074320 0.922795
0.074580 0.916032
0.074840 0.907647
0.075100 0.897486
0.075360 0.885601
0.075620 0.872072
0.075880 0.856744
0.076140 0.839043
0.076400 0.817965
0.076660 0.792283
0.076920 0.760874
0.077180 0.722989
0.077440 0.678328
0.077700 0.626817
0.077960 0.568266
0.078220 0.502242
0.078480 0.428459
0.078740 0.347632
0.079000 0.262428
0.079260 0.178404
0.079520 0.107825
0.079780 0.085913
0.080040 0.127756
0.080300 0.187293
0.080560 0.245837
0.080820 0.299109
0.081080 0.345672
0.081340 0.384959
0.081600 0.417010
0.081860 0.442415
0.082120 0.462152
0.082380 0.477310
0.082640 0.488781
0.082900 0.497057
0.083160 0.502214
0.083420 0.504119
0.083680 0.502728
0.083940 0.498343
0.084200 0.491688
0.084460 0.483748
0.084720 0.475443
0.084980 0.467328
0.085240 0.459569
0.085500 0.452244
0.085760 0.445795
0.086020 0.441251
0.086280 0.439986
0.086540 0.443066
0.086800 0.450652
0.087060 0.461981
0.087320 0.475944
0.087580 0.491738
0.087840 0.509110
0.088100 0.528081
0.088360 0.548473
0.088620 0.569642
0.088880 0.590622
0.089140 0.610525
0.089400 0.628899
0.089660 0.645806
0.089920 0.661622
0.090180 0.676702
0.090440 0.691124
0.090700 0.704637
0.090960 0.716853
0.091220 0.727500
0.091480 0.736604
0.091740 0.744485
0.092000 0.751583
0.092260 0.758224
0.092520 0.764446
0.092780 0.770015
0.093040 0.774589
0.093300 0.777948
0.093560 0.780139
0.093820 0.781468
0.094080 0.782328
0.094340 0.782968
0.094600 0.783334
0.094860 0.783090
0.095120 0.781814
0.095380 0.779234
0.095640 0.775395
0.095900 0.770627
0.096160 0.765334
0.096420 0.759707
0.096680 0.753545
0.096940 0.746312
0.097200 0.737392
0.097460 0.726420
0.097720 0.713466
0.097980 0.698965
0.098240 0.683393
0.098500 0.666855
0.098760 0.648890
0.099020 0.628624
0.099280 0.605211
0.099540 0.578322
0.099800 0.548378
0.100060 0.516349
0.100320 0.483231
0.100580 0.449560
0.100840 0.415388
0.101100 0.380801
0.101360 0.346687
0.101620 0.315274
0.101880 0.290025
0.102140 0.274761
0.102400 0.272253
0.102660 0.283013
0.102920 0.305107
0.103180 0.335053
0.103440 0.369040
0.103700 0.403931
0.103960 0.437845
0.104220 0.470179
0.104480 0.501132
0.104740 0.531007
0.105000 0.559674
0.105260 0.586472
0.105520 0.610568
0.105780 0.631448
0.106040 0.649208
0.106300 0.664496
0.106560 0.678160
0.106820 0.690831
0.107080 0.702650
0.107340 0.713290
0.107600 0.722243
0.107860 0.729190
0.108120 0.734215
0.108380 0.737791
0.108640 0.740534
0.108900 0.742889
0.109160 0.744892
0.109420 0.746178
0.109680 0.746213
0.109940 0.744627
0.110200 0.741434
0.110460 0.737043
0.110720 0.732025
0.110980 0.726772
0.111240 0.721226
0.111500 0.714884
0.111760 0.707083
0.112020 0.697411
0.112280 0.685984
0.112540 0.673438
0.112800 0.660578
0.113060 0.647871
0.113320 0.635123
0.113580 0.621622
0.113840 0.606698
0.114100 0.590355
0.114360 0.573549
0.114620 0.557849
0.114880 0.544586
0.115140 0.534065
0.115400 0.525555
0.115660 0.518131
0.115920 0.511712
0.116180 0.507438
0.116440 0.507026
0.116700 0.511437
0.116960 0.519976
0.117220 0.530678
0.117480 0.541610
0.117740 0.551996
0.118000 0.562421
0.118260 0.574101
0.118520 0.587711
0.118780 0.602622
0.119040 0.617143
0.119300 0.629501
0.119560 0.638792
0.119820 0.645398
0.120080 0.650692
0.120340 0.656130
0.120600 0.662182
0.120860 0.667811
0.121120 0.670890
0.121380 0.669180
0.121640 0.661294
0.121900 0.647263
0.122160 0.628340
0.122420 0.605659
0.122680 0.577980
0.122940 0.539691
0.123200 0.480094
0.123460 0.385280
0.123720 0.252750
0.123980 0.182715
0.124240 0.329540
0.124500 0.509004
0.124760 0.642678
0.125020 0.730493
0.125280 0.785733
0.125540 0.819125
0.125800 0.837245
0.126060 0.843971
0.126320 0.842010
0.126580 0.834008
0.126840 0.822964
0.127100 0.811673
0.127360 0.801567
0.127620 0.792051
0.127880 0.781009
0.128140 0.766074
0.128400 0.745919
0.128660 0.721084
0.128920 0.693948
0.129180 0.667597
0.129440 0.644112
0.129700 0.623565
0.129960 0.604403
0.130220 0.584677
0.130480 0.563059
0.130740 0.539095
0.131000 0.512738
0.131260 0.483610
0.131520 0.450658
0.131780 0.412504
0.132040 0.368385
0.132300 0.319160
0.132560 0.267776
0.132820 0.218965
0.133080 0.178701
0.133340 0.153957
0.133600 0.150719
0.133860 0.168546
0.134120 0.200275
0.134380 0.238146
0.134640 0.276846
0.134900 0.313577
0.135160 0.347520
0.135420 0.379073
0.135680 0.408956
0.135940 0.437478
0.136200 0.464277
0.136460 0.488596
0.136720 0.509818
0.136980 0.527866
0.137240 0.543252
0.137500 0.556801
0.137760 0.569234
0.138020 0.580838
0.138280 0.591416
0.138540 0.600514
0.138800 0.607774
0.139060 0.613188
0.139320 0.617115
0.139580 0.620094
0.139840 0.622550
0.140100 0.624574
0.140360 0.625910
0.140620 0.626150
0.140880 0.625007
0.141140 0.622491
0.141400 0.618909
0.141660 0.614673
0.141920 0.610046
0.142180 0.604980
0.142440 0.599145
0.142700 0.592150
0.142960 0.583797
0.143220 0.574213
0.143480 0.563789
0.143740 0.552942
0.144000 0.541865
0.144260 0.530431
0.144520 0.518342
0.144780 0.505425
0.145040 0.491880
0.145300 0.478320
0.145560 0.465548
0.145820 0.454217
0.146080 0.444618
0.146340 0.436786
0.146600 0.430829
0.146860 0.427209
0.147120 0.426703
0.147380 0.430029
0.147640 0.437394
0.147900 0.448358
0.148160 0.462115
0.148420 0.477924
0.148680 0.495368
0.148940 0.514280
0.149200 0.534468
0.149460 0.555505
0.149720 0.576741
0.149980 0.597505
0.150240 0.617337
0.150500 0.636090
0.150760 0.653851
0.151020 0.670767
0.151280 0.686878
0.151540 0.702063
0.151800 0.716115
0.152060 0.728871
0.152320 0.740315
0.152580 0.750595
0.152840 0.759941
0.153100 0.768548
0.153360 0.776483
0.153620 0.783685
0.153880 0.790027
0.154140 0.795430
0.154400 0.799928
0.154660 0.803668
0.154920 0.806839
0.155180 0.809576
0.155440 0.811884
0.155700 0.813659
0.155960 0.814752
0.156220 0.815077
0.156480 0.814665
0.156740 0.813650
0.157000 0.812185
0.157260 0.810342
0.157520 0.808055
0.157780 0.805148
0.158040 0.801434
0.158300 0.796815
0.158560 0.791333
0.158820 0.785120
0.159080 0.778294
0.159340 0.770847
0.159600 0.762608
0.159860 0.753311
0.160120 0.742723
0.160380 0.730758
0.160640 0.717490
0.160900 0.703065
0.161160 0.687553
0.161420 0.670839
0.161680 0.652636
0.161940 0.632620
0.162200 0.610610
0.162460 0.586658
0.162720 0.561006
0.162980 0.533906
0.163240 0.505453
0.163500 0.475537
0.163760 0.443954
0.164020 0.410636
0.164280 0.375810
0.164540 0.339997
0.164800 0.303815
0.165060 0.267759
0.165320 0.232078
0.165580 0.196895
0.165840 0.162484
0.166100 0.129582
0.166360 0.099707
0.166620 0.075559
0.166880 0.061452
0.167140 0.060920
0.167400 0.071252
0.167660 0.086610
0.167920 0.103310
0.168180 0.119537
0.168440 0.134246
0.168700 0.146813
0.168960 0.157054
0.169220 0.165325
0.169480 0.172520
0.169740 0.179884
0.170000 0.188672
0.170260 0.199802
0.170520 0.213647
0.170780 0.230105
0.171040 0.248745
0.171300 0.268942
0.171560 0.289932
0.171820 0.310861
0.172080 0.330886
0.172340 0.349313
0.172600 0.365716
0.172860 0.379967
0.173120 0.392163
0.173380 0.402502
0.173640 0.411150
0.173900 0.418161
0.174160 0.423499
0.174420 0.427109
0.174680 0.429011
0.174940 0.429333
0.175200 0.428287
0.175460 0.426078
0.175720 0.422826
0.175980 0.418528
0.176240 0.413112
0.176500 0.406534
0.176760 0.398868
0.177020 0.390333
0.177280 0.381231
0.177540 0.371845
0.177800 0.362365
0.178060 0.352905
0.178320 0.343609
0.178580 0.334783
0.178840 0.326949
0.179100 0.320767
0.179360 0.316854
0.179620 0.315619
0.179880 0.317242
0.180140 0.321780
0.180400 0.329293
0.180660 0.339869
0.180920 0.353494
0.181180 0.369913
0.181440 0.388616
0.181700 0.408962
0.181960 0.430378
0.182220 0.452467
0.182480 0.475003
0.182740 0.497809
0.183000 0.520651
0.183260 0.543217
0.183520 0.565176
0.183780 0.586280
0.184040 0.606425
0.184300 0.625631
0.184560 0.643967
0.184820 0.661466
0.185080 0.678085
0.185340 0.693732
0.185600 0.708328
0.185860 0.721865
0.186120 0.734417
0.186380 0.746103
0.186640 0.757028
0.186900 0.767239
0.187160 0.776717
0.187420 0.785416
0.187680 0.793310
0.187940 0.800425
0.188200 0.806841
0.188460 0.812654
0.188720 0.817933
0.188980 0.822687
0.189240 0.826879
0.189500 0.830453
0.189760 0.833380
0.190020 0.835683
0.190280 0.837423
0.190540 0.838664
0.190800 0.839438
0.191060 0.839720
0.191320 0.839441
0.191580 0.838528
0.191840 0.836944
0.192100 0.834702
0.192360 0.831850
0.192620 0.828431
0.192880 0.824441
0.193140 0.819813
0.193400 0.814446
0.193660 0.808246
0.193920 0.801172
0.194180 0.793244
0.194440 0.784513
0.194700 0.775002
0.194960 0.764671
0.195220 0.753415
0.195480 0.741111
0.195740 0.727680
0.196000 0.713135
0.196260 0.697559
0.196520 0.681056
0.196780 0.663675
0.197040 0.645391
0.197300 0.626139
0.197560 0.605909
0.197820 0.584812
0.198080 0.563092
0.198340 0.541065
0.198600 0.519016
0.198860 0.497145
0.199120 0.475604
0.199380 0.454591
0.199640 0.434453
0.199900 0.415686
0.200160 0.398828
0.200420 0.384307
0.200680 0.372354
0.200940 0.363033
0.201200 0.356358
0.201460 0.352374
0.201720 0.351145
0.201980 0.352618
0.202240 0.356540
0.202500 0.362462
0.202760 0.369872
0.203020 0.378341
0.203280 0.387598
0.203540 0.397483
0.203800 0.407859
0.204060 0.418525
0.204320 0.429215
0.204580 0.439663
0.204840 0.449687
0.205100 0.459228
0.205360 0.468323
0.205620 0.477028
0.205880 0.485340
0.206140 0.493178
0.206400 0.500419
0.206660 0.506969
0.206920 0.512813
0.207180 0.518022
0.207440 0.522702
0.207700 0.526922
0.207960 0.530670
0.208220 0.533868
0.208480 0.536419
0.208740 0.538282
0.209000 0.539496
0.209260 0.540159
0.209520 0.540367
0.209780 0.540150
0.210040 0.539451
0.210300 0.538163
0.210560 0.536194
0.210820 0.533524
0.211080 0.530218
0.211340 0.526366
0.211600 0.522024
0.211860 0.517154
0.212120 0.511628
0.212380 0.505293
0.212640 0.498040
0.212900 0.489845
0.213160 0.480753
0.213420 0.470799
0.213680 0.459941
0.213940 0.448009
0.214200 0.434766
0.214460 0.419971
0.214720 0.403468
0.214980 0.385221
0.215240 0.365269
0.215500 0.343669
0.215760 0.320444
0.216020 0.295634
0.216280 0.269421
0.216540 0.242334
0.216800 0.215486
0.217060 0.190791
0.217320 0.171112
0.217580 0.159980
0.217840 0.160286
0.218100 0.172363
0.218360 0.193758
0.218620 0.220976
0.218880 0.250981
0.219140 0.281626
0.219400 0.311573
0.219660 0.340087
0.219920 0.366809
0.220180 0.391570
0.220440 0.414255
0.220700 0.434791
0.220960 0.453165
0.221220 0.469460
0.221480 0.483872
0.221740 0.496664
0.222000 0.508099
0.222260 0.518367
0.222520 0.527564
0.222780 0.535712
0.223040 0.542829
0.223300 0.548975
0.223560 0.554282
0.223820 0.558917
0.224080 0.563027
0.224340 0.566683
0.224600 0.569880
0.224860 0.572568
0.225120 0.574718
0.225380 0.576366
0.225640 0.577616
0.225900 0.578591
0.226160 0.579379
0.226420 0.579984
0.226680 0.580347
0.226940 0.580393
0.227200 0.580096
0.227460 0.579505
0.227720 0.578718
0.227980 0.577824
0.228240 0.576847
0.228500 0.575732
0.228760 0.574387
0.229020 0.572744
0.229280 0.570815
0.229540 0.568687
0.229800 0.566468
0.230060 0.564223
0.230320 0.561938
0.230580 0.559540
0.230840 0.556964
0.231100 0.554220
0.231360 0.551406
0.231620 0.548670
0.231880 0.546134
0.232140 0.543838
0.232400 0.541741
0.232660 0.539791
0.232920 0.537991
0.233180 0.536442
0.233440 0.535304
0.233700 0.534713
0.233960 0.534719
0.234220 0.535268
0.234480 0.536264
0.234740 0.537655
0.235000 0.539477
0.235260 0.541828
0.235520 0.544793
0.235780 0.548365
0.236040 0.552435
0.236300 0.556842
0.236560 0.561465
0.236820 0.566274
0.237080 0.571317
0.237340 0.576652
0.237600 0.582273
0.237860 0.588084
0.238120 0.593946
0.238380 0.599753
0.238640 0.605492
0.238900 0.611244
0.239160 0.617123
0.239420 0.623207
0.239680 0.629494
0.239940 0.635926
0.240200 0.642461
0.240460 0.649130
0.240720 0.656048
0.240980 0.663368
0.241240 0.671199
0.241500 0.679555
0.241760 0.688354
0.242020 0.697470
0.242280 0.706797
0.242540 0.716272
0.242800 0.725852
0.243060 0.735457
0.243320 0.744932
0.243580 0.754050
0.243840 0.762559
0.244100 0.770252
0.244360 0.777014
0.244620 0.782822
0.244880 0.787713
0.245140 0.791724
0.245400 0.794858
0.245660 0.797088
0.245920 0.798388
0.246180 0.798785
0.246440 0.798379
0.246700 0.797324
0.246960 0.795778
0.247220 0.793842
0.247480 0.791540
0.247740 0.788839
0.248000 0.785715
0.248260 0.782204
0.248520 0.778413
0.248780 0.774479
0.249040 0.770501
0.249300 0.766489
0.249560 0.762370
0.249820 0.758050
0.250080 0.753484
