        Frequency / GHz               S1,1 (Mesh Pass=5)/arg,degrees
----------------------------------------------------------------------
0.050140 -0.574802
0.050400 -0.605716
0.050660 -0.637212
0.050920 -0.668627
0.051180 -0.699883
0.051440 -0.731628
0.051700 -0.764910
0.051960 -0.800575
0.052220 -0.838791
0.052480 -0.878983
0.052740 -0.920235
0.053000 -0.961932
0.053260 -1.004298
0.053520 -1.048427
0.053780 -1.095733
0.054040 -1.147170
0.054300 -1.202736
0.054560 -1.261555
0.054820 -1.322538
0.055080 -1.385270
0.055340 -1.450585
0.055600 -1.520347
0.055860 -1.596514
0.056120 -1.680091
0.056380 -1.770623
0.056640 -1.866580
0.056900 -1.966463
0.057160 -2.070047
0.057420 -2.178847
0.057680 -2.295348
0.057940 -2.421406
0.058200 -2.556871
0.058460 -2.699332
0.058720 -2.845231
0.058980 -2.991686
0.059240 -3.137816
0.059500 2.998578
0.059760 2.849797
0.060020 2.699155
0.060280 2.548953
0.060540 2.402818
0.060800 2.263975
0.061060 2.133845
0.061320 2.011779
0.061580 1.895974
0.061840 1.784868
0.062100 1.678119
0.062360 1.576592
0.062620 1.481556
0.062880 1.393741
0.063140 1.312835
0.063400 1.237626
0.063660 1.166605
0.063920 1.098673
0.064180 1.033522
0.064440 0.971496
0.064700 0.913123
0.064960 0.858623
0.065220 0.807681
0.065480 0.759536
0.065740 0.713328
0.066000 0.668473
0.066260 0.624853
0.066520 0.582719
0.066780 0.542415
0.067040 0.504088
0.067300 0.467545
0.067560 0.432312
0.067820 0.397854
0.068080 0.363817
0.068340 0.330154
0.068600 0.297068
0.068860 0.264819
0.069120 0.233534
0.069380 0.203086
0.069640 0.173142
0.069900 0.143309
0.070160 0.113326
0.070420 0.083159
0.070680 0.052957
0.070940 0.022914
0.071200 -0.006896
0.071460 -0.036614
0.071720 -0.066565
0.071980 -0.097120
0.072240 -0.128527
0.072500 -0.160828
0.072760 -0.193891
0.073020 -0.227551
0.073280 -0.261787
0.073540 -0.296826
0.073800 -0.333126
0.074060 -0.371224
0.074320 -0.411546
0.074580 -0.454283
0.074840 -0.499416
0.075100 -0.546878
0.075360 -0.596797
0.075620 -0.649680
0.075880 -0.706435
0.076140 -0.768185
0.076400 -0.835964
0.076660 -0.910468
0.076920 -0.991986
0.077180 -1.080624
0.077440 -1.176751
0.077700 -1.281513
0.077960 -1.397126
0.078220 -1.526835
0.078480 -1.674902
0.078740 -1.847808
0.079000 -2.059866
0.079260 -2.354115
0.079520 -2.882246
0.079780 2.400947
0.080040 1.647668
0.080300 1.294789
0.080560 1.083976
0.080820 0.929865
0.081080 0.804515
0.081340 0.697317
0.081600 0.603903
0.081860 0.522200
0.082120 0.450752
0.082380 0.388013
0.082640 0.332239
0.082900 0.281773
0.083160 0.235494
0.083420 0.193146
0.083680 0.155348
0.083940 0.123247
0.084200 0.097960
0.084460 0.080010
0.084720 0.069090
0.084980 0.064379
0.085240 0.065290
0.085500 0.072074
0.085760 0.085662
0.086020 0.106619
0.086280 0.133830
0.086540 0.164037
0.086800 0.192976
0.087060 0.217370
0.087320 0.236039
0.087580 0.249380
0.087840 0.258041
0.088100 0.262002
0.088360 0.260623
0.088620 0.253391
0.088880 0.240598
0.089140 0.223403
0.089400 0.203353
0.089660 0.181746
0.089920 0.159221
0.090180 0.135755
0.090440 0.110992
0.090700 0.084695
0.090960 0.057032
0.091220 0.028545
0.091480 -0.000111
0.091740 -0.028489
0.092000 -0.056554
0.092260 -0.084661
0.092520 -0.113315
0.092780 -0.142859
0.093040 -0.173289
0.093300 -0.204277
0.093560 -0.235391
0.093820 -0.266378
0.094080 -0.297356
0.094340 -0.328791
0.094600 -0.361271
0.094860 -0.395199
0.095120 -0.430597
0.095380 -0.467145
0.095640 -0.504424
0.095900 -0.542246
0.096160 -0.580882
0.096420 -0.621032
0.096680 -0.663527
0.096940 -0.708934
0.097200 -0.757314
0.097460 -0.808284
0.097720 -0.861377
0.097980 -0.916531
0.098240 -0.974438
0.098500 -1.036477
0.098760 -1.104211
0.099020 -1.178774
0.099280 -1.260505
0.099540 -1.349111
0.099800 -1.444386
0.100060 -1.547186
0.100320 -1.660144
0.100580 -1.787629
0.100840 -1.934902
0.101100 -2.107031
0.101360 -2.308097
0.101620 -2.540625
0.101880 -2.804219
0.102140 -3.092528
0.102400 2.892262
0.102660 2.602931
0.102920 2.337473
0.103180 2.101800
0.103440 1.895629
0.103700 1.716542
0.103960 1.561748
0.104220 1.428077
0.104480 1.311713
0.104740 1.208435
0.105000 1.114406
0.105260 1.027015
0.105520 0.945167
0.105780 0.868899
0.106040 0.798619
0.106300 0.734378
0.106560 0.675536
0.106820 0.620849
0.107080 0.568943
0.107340 0.518849
0.107600 0.470302
0.107860 0.423639
0.108120 0.379411
0.108380 0.337935
0.108640 0.299020
0.108900 0.261968
0.109160 0.225896
0.109420 0.190170
0.109680 0.154705
0.109940 0.119945
0.110200 0.086568
0.110460 0.055058
0.110720 0.025375
0.110980 -0.003074
0.111240 -0.031116
0.111500 -0.059285
0.111760 -0.087432
0.112020 -0.114719
0.112280 -0.140010
0.112540 -0.162471
0.112800 -0.182069
0.113060 -0.199581
0.113320 -0.215972
0.113580 -0.231487
0.113840 -0.245123
0.114100 -0.254854
0.114360 -0.258663
0.114620 -0.255842
0.114880 -0.247672
0.115140 -0.236629
0.115400 -0.224499
0.115660 -0.211039
0.115920 -0.194443
0.116180 -0.173367
0.116440 -0.149061
0.116700 -0.125620
0.116960 -0.107616
0.117220 -0.097175
0.117480 -0.093184
0.117740 -0.092852
0.118000 -0.094033
0.118260 -0.096784
0.118520 -0.103230
0.118780 -0.115830
0.119040 -0.135492
0.119300 -0.160982
0.119560 -0.189733
0.119820 -0.219287
0.120080 -0.248650
0.120340 -0.278999
0.120600 -0.313154
0.120860 -0.354000
0.121120 -0.402985
0.121380 -0.459664
0.121640 -0.522318
0.121900 -0.589309
0.122160 -0.661132
0.122420 -0.742746
0.122680 -0.844988
0.122940 -0.984920
0.123200 -1.188447
0.123460 -1.505232
0.123720 -2.088859
0.123980 2.844018
0.124240 1.709542
0.124500 1.169020
0.124760 0.821366
0.125020 0.569522
0.125280 0.375731
0.125540 0.219340
0.125800 0.088240
0.126060 -0.024505
0.126320 -0.122569
0.126580 -0.207849
0.126840 -0.282003
0.127100 -0.347772
0.127360 -0.409166
0.127620 -0.470193
0.127880 -0.533201
0.128140 -0.598096
0.128400 -0.662642
0.128660 -0.723589
0.128920 -0.778471
0.129180 -0.827390
0.129440 -0.873483
0.129700 -0.921342
0.129960 -0.974703
0.130220 -1.035285
0.130480 -1.103330
0.130740 -1.179035
0.131000 -1.263829
0.131260 -1.360722
0.131520 -1.473553
0.131780 -1.605825
0.132040 -1.760101
0.132300 -1.938867
0.132560 -2.147469
0.132820 -2.398940
0.133080 -2.717054
0.133340 -3.121464
0.133600 2.705571
0.133860 2.289407
0.134120 1.961750
0.134380 1.711030
0.134640 1.514684
0.134900 1.357270
0.135160 1.229109
0.135420 1.122884
0.135680 1.032097
0.135940 0.951184
0.136200 0.876304
0.136460 0.805742
0.136720 0.739487
0.136980 0.678258
0.137240 0.622536
0.137500 0.572005
0.137760 0.525535
0.138020 0.481657
0.138280 0.439215
0.138540 0.397805
0.138800 0.357750
0.139060 0.319702
0.139320 0.284138
0.139580 0.251015
0.139840 0.219740
0.140100 0.189476
0.140360 0.159601
0.140620 0.130012
0.140880 0.101117
0.141140 0.073542
0.141400 0.047726
0.141660 0.023646
0.141920 0.000829
0.142180 -0.021340
0.142440 -0.043197
0.142700 -0.064535
0.142960 -0.084668
0.143220 -0.102777
0.143480 -0.118324
0.143740 -0.131297
0.144000 -0.142078
0.144260 -0.150998
0.144520 -0.157843
0.144780 -0.161681
0.145040 -0.161149
0.145300 -0.155066
0.145560 -0.143007
0.145820 -0.125428
0.146080 -0.103184
0.146340 -0.076812
0.146600 -0.046261
0.146860 -0.011407
0.147120 0.026989
0.147380 0.066726
0.147640 0.104685
0.147900 0.138123
0.148160 0.165664
0.148420 0.187246
0.148680 0.203340
0.148940 0.214205
0.149200 0.219718
0.149460 0.219704
0.149720 0.214383
0.149980 0.204513
0.150240 0.191183
0.150500 0.175427
0.150760 0.157938
0.151020 0.139001
0.151280 0.118639
0.151540 0.096870
0.151800 0.073872
0.152060 0.050015
0.152320 0.025731
0.152580 0.001358
0.152840 -0.022975
0.153100 -0.047349
0.153360 -0.071943
0.153620 -0.096887
0.153880 -0.122170
0.154140 -0.147640
0.154400 -0.173087
0.154660 -0.198380
0.154920 -0.223545
0.155180 -0.248745
0.155440 -0.274205
0.155700 -0.300071
0.155960 -0.326351
0.156220 -0.352918
0.156480 -0.379616
0.156740 -0.406379
0.157000 -0.433290
0.157260 -0.460571
0.157520 -0.488466
0.157780 -0.517116
0.158040 -0.546495
0.158300 -0.576455
0.158560 -0.606832
0.158820 -0.637614
0.159080 -0.668963
0.159340 -0.701169
0.159600 -0.734505
0.159860 -0.769069
0.160120 -0.804756
0.160380 -0.841317
0.160640 -0.878574
0.160900 -0.916555
0.161160 -0.955520
0.161420 -0.995822
0.161680 -1.037688
0.161940 -1.081037
0.162200 -1.125469
0.162460 -1.170476
0.162720 -1.215706
0.162980 -1.261163
0.163240 -1.307107
0.163500 -1.353736
0.163760 -1.400809
0.164020 -1.447418
0.164280 -1.492106
0.164540 -1.533247
0.164800 -1.569454
0.165060 -1.599545
0.165320 -1.621924
0.165580 -1.633093
0.165840 -1.625505
0.166100 -1.584262
0.166360 -1.481546
0.166620 -1.270740
0.166880 -0.911466
0.167140 -0.485573
0.167400 -0.161216
0.167660 0.032179
0.167920 0.140723
0.168180 0.200848
0.168440 0.233949
0.168700 0.253787
0.168960 0.270290
0.169220 0.290743
0.169480 0.319540
0.169740 0.357471
0.170000 0.401584
0.170260 0.446405
0.170520 0.486132
0.170780 0.516520
0.171040 0.535365
0.171300 0.542124
0.171560 0.537392
0.171820 0.522596
0.172080 0.499779
0.172340 0.471297
0.172600 0.439447
0.172860 0.406115
0.173120 0.372556
0.173380 0.339389
0.173640 0.306771
0.173900 0.274685
0.174160 0.243206
0.174420 0.212625
0.174680 0.183399
0.174940 0.155975
0.175200 0.130618
0.175460 0.107337
0.175720 0.085970
0.175980 0.066404
0.176240 0.048776
0.176500 0.033565
0.176760 0.021483
0.177020 0.013247
0.177280 0.009363
0.177540 0.010066
0.177800 0.015482
0.178060 0.025928
0.178320 0.042085
0.178580 0.064889
0.178840 0.095065
0.179100 0.132572
0.179360 0.176306
0.179620 0.224320
0.179880 0.274445
0.180140 0.324743
0.180400 0.373504
0.180660 0.418963
0.180920 0.459212
0.181180 0.492560
0.181440 0.518065
0.181700 0.535765
0.181960 0.546447
0.182220 0.551150
0.182480 0.550744
0.182740 0.545808
0.183000 0.536747
0.183260 0.524003
0.183520 0.508174
0.183780 0.489976
0.184040 0.470084
0.184300 0.448995
0.184560 0.426973
0.184820 0.404123
0.185080 0.380507
0.185340 0.356249
0.185600 0.331562
0.185860 0.306695
0.186120 0.281848
0.186380 0.257113
0.186640 0.232472
0.186900 0.207851
0.187160 0.183199
0.187420 0.158530
0.187680 0.133923
0.187940 0.109482
0.188200 0.085265
0.188460 0.061264
0.188720 0.037403
0.188980 0.013587
0.189240 -0.010248
0.189500 -0.034097
0.189760 -0.057912
0.190020 -0.081629
0.190280 -0.105221
0.190540 -0.128728
0.190800 -0.152236
0.191060 -0.175838
0.191320 -0.199582
0.191580 -0.223455
0.191840 -0.247396
0.192100 -0.271341
0.192360 -0.295272
0.192620 -0.319241
0.192880 -0.343339
0.193140 -0.367643
0.193400 -0.392170
0.193660 -0.416864
0.193920 -0.441615
0.194180 -0.466331
0.194440 -0.490975
0.194700 -0.515590
0.194960 -0.540248
0.195220 -0.564961
0.195480 -0.589641
0.195740 -0.614083
0.196000 -0.638039
0.196260 -0.661295
0.196520 -0.683729
0.196780 -0.705287
0.197040 -0.725875
0.197300 -0.745254
0.197560 -0.762975
0.197820 -0.778447
0.198080 -0.791072
0.198340 -0.800380
0.198600 -0.806046
0.198860 -0.807778
0.199120 -0.805126
0.199380 -0.797408
0.199640 -0.783820
0.199900 -0.763763
0.200160 -0.737176
0.200420 -0.704645
0.200680 -0.667199
0.200940 -0.625983
0.201200 -0.582072
0.201460 -0.536613
0.201720 -0.491072
0.201980 -0.447253
0.202240 -0.406943
0.202500 -0.371406
0.202760 -0.341123
0.203020 -0.315930
0.203280 -0.295413
0.203540 -0.279245
0.203800 -0.267294
0.204060 -0.259482
0.204320 -0.255589
0.204580 -0.255155
0.204840 -0.257556
0.205100 -0.262195
0.205360 -0.268669
0.205620 -0.276818
0.205880 -0.286639
0.206140 -0.298121
0.206400 -0.311126
0.206660 -0.325376
0.206920 -0.340543
0.207180 -0.356390
0.207440 -0.372850
0.207700 -0.390015
0.207960 -0.408031
0.208220 -0.426964
0.208480 -0.446741
0.208740 -0.467176
0.209000 -0.488090
0.209260 -0.509419
0.209520 -0.531261
0.209780 -0.553831
0.210040 -0.577326
0.210300 -0.601832
0.210560 -0.627289
0.210820 -0.653567
0.211080 -0.680594
0.211340 -0.708467
0.211600 -0.737457
0.211860 -0.767910
0.212120 -0.800122
0.212380 -0.834237
0.212640 -0.870271
0.212900 -0.908241
0.213160 -0.948311
0.213420 -0.990901
0.213680 -1.036642
0.213940 -1.086266
0.214200 -1.140416
0.214460 -1.199627
0.214720 -1.264389
0.214980 -1.335381
0.215240 -1.413739
0.215500 -1.501245
0.215760 -1.600434
0.216020 -1.714615
0.216280 -1.848082
0.216540 -2.006524
0.216800 -2.197703
0.217060 -2.431555
0.217320 -2.717149
0.217580 -3.052584
0.217840 2.871053
0.218100 2.529449
0.218360 2.234527
0.218620 1.990675
0.218880 1.789735
0.219140 1.621904
0.219400 1.479329
0.219660 1.356234
0.219920 1.248340
0.220180 1.152440
0.220440 1.066188
0.220700 0.987941
0.220960 0.916622
0.221220 0.851525
0.221480 0.792086
0.221740 0.737731
0.222000 0.687806
0.222260 0.641636
0.222520 0.598626
0.222780 0.558364
0.223040 0.520631
0.223300 0.485341
0.223560 0.452413
0.223820 0.421689
0.224080 0.392891
0.224340 0.365702
0.224600 0.339854
0.224860 0.315219
0.225120 0.291804
0.225380 0.269684
0.225640 0.248884
0.225900 0.229315
0.226160 0.210778
0.226420 0.193049
0.226680 0.175985
0.226940 0.159583
0.227200 0.143943
0.227460 0.129176
0.227720 0.115298
0.227980 0.102205
0.228240 0.089710
0.228500 0.077670
0.228760 0.066063
0.229020 0.055013
0.229280 0.044699
0.229540 0.035247
0.229800 0.026647
0.230060 0.018773
0.230320 0.011485
0.230580 0.004745
0.230840 -0.001333
0.231100 -0.006536
0.231360 -0.010683
0.231620 -0.013735
0.231880 -0.015815
0.232140 -0.017121
0.232400 -0.017778
0.232660 -0.017763
0.232920 -0.016927
0.233180 -0.015135
0.233440 -0.012402
0.233700 -0.008944
0.233960 -0.005084
0.234220 -0.001092
0.234480 0.002927
0.234740 0.007025
0.235000 0.011275
0.235260 0.015630
0.235520 0.019862
0.235780 0.023651
0.236040 0.026742
0.236300 0.029066
0.236560 0.030734
0.236820 0.031915
0.237080 0.032694
0.237340 0.033005
0.237600 0.032685
0.237860 0.031610
0.238120 0.029806
0.238380 0.027449
0.238640 0.024784
0.238900 0.021981
0.239160 0.019060
0.239420 0.015918
0.239680 0.012429
0.239940 0.008550
0.240200 0.004358
0.240460 -0.000019
0.240720 -0.004512
0.240980 -0.009205
0.241240 -0.014322
0.241500 -0.020152
0.241760 -0.026926
0.242020 -0.034756
0.242280 -0.043666
0.242540 -0.053659
0.242800 -0.064791
0.243060 -0.077174
0.243320 -0.090919
0.243580 -0.106051
0.243840 -0.122464
0.244100 -0.139925
0.244360 -0.158154
0.244620 -0.176891
0.244880 -0.195952
0.245140 -0.215243
0.245400 -0.234698
0.245660 -0.254234
0.245920 -0.273711
0.246180 -0.292942
0.246440 -0.311755
0.246700 -0.330052
0.246960 -0.347845
0.247220 -0.365219
0.247480 -0.382276
0.247740 -0.399049
0.248000 -0.415478
0.248260 -0.431462
0.248520 -0.446927
0.248780 -0.461894
0.249040 -0.476497
0.249300 -0.490899
0.249560 -0.505219
0.249820 -0.519447
0.250080 -0.533487
